25212
21126
34053
25740
27549
17945
33810
28392
23640
19398
23546
28914
39778
32102
33965
40002
39733
36314
30652
25331
23487
22609
31020
22653
30899
39700
28168
27835
25038
35734
30611
34764
29433
23492
28644
21459
34183
24526
24551
40083
21037
32711
25356
29698
18612
34095
36887
25990
23424
22662
19496
26025
29554
31826
21634
18842
21619
26550
20587
25091
27158
38100
26422
27043
22951
22084
30493
37558
35298
35354
28373
21824
34060
39878
38979
35503
20996
32068
31012
18735
23135
37493
28560
21641
39098
35628
40116
39213
20124
33056
39725
39616
18152
28891
22980
24572
39595
28277
25355
26744
24764
28712
23445
23253
28166
37504
19515
30447
25152
29958
17704
26587
22310
37476
24363
16988
27449
31407
34198
19454
26299
28145
18909
34373
18125
23821
25438
35337
33723
18403
30640
19917
19114
32445
36495
28184
